 -120.000000  -120.000000  -120.000000     1.652013     2.797038     1.955745
 -120.000000  -120.000000   -90.000000     2.007306     3.556707     1.074906
 -120.000000  -120.000000   -60.000000     2.291994     3.882584    -0.100809
 -120.000000  -120.000000   -30.000000     2.159217     3.650892    -1.497598
 -120.000000  -120.000000     0.000000     1.684815     2.754952    -2.306094
 -120.000000  -120.000000    30.000000     1.046403     1.806674    -2.681857
 -120.000000  -120.000000    60.000000     0.286102     0.641638    -2.241618
 -120.000000  -120.000000    90.000000    -0.107928    -0.129749    -1.459144
 -120.000000   -90.000000  -120.000000     1.112633     1.852190     0.593828
 -120.000000   -90.000000   -90.000000     1.311545     2.168977    -0.645090
 -120.000000   -90.000000   -60.000000     1.112377     1.886216    -1.880593
 -120.000000   -90.000000   -30.000000     0.574732     0.997529    -2.787773
 -120.000000   -90.000000     0.000000    -0.036585     0.039433    -3.219359
 -120.000000   -90.000000    30.000000    -0.675037    -0.985416    -2.911874
 -120.000000   -90.000000    60.000000    -1.024795    -1.926307    -1.981633
 -120.000000   -90.000000    90.000000    -1.295570    -2.186127    -0.763302
 -120.000000   -60.000000  -120.000000     0.315500     0.394370    -0.157548
 -120.000000   -60.000000   -90.000000     0.067572     0.134150    -1.480837
 -120.000000   -60.000000   -60.000000    -0.282796    -0.712447    -2.418422
 -120.000000   -60.000000   -30.000000    -1.037274    -1.787896    -2.569262
 -120.000000   -60.000000     0.000000    -1.707657    -2.892869    -2.329886
 -120.000000   -60.000000    30.000000    -1.991038    -3.650939    -1.498786
 -120.000000   -60.000000    60.000000    -2.292678    -3.883563    -0.125111
 -120.000000   -60.000000    90.000000    -2.140212    -3.573524     1.049145
 -120.000000   -30.000000  -120.000000    -0.637477    -1.156743     0.065061
 -120.000000   -30.000000   -90.000000    -1.031815    -1.978596    -0.793966
 -120.000000   -30.000000   -60.000000    -1.771651    -3.056192    -1.182592
 -120.000000   -30.000000   -30.000000    -2.328803    -4.060289    -0.892830
 -120.000000   -30.000000     0.000000    -2.772165    -4.850063     0.026277
 -120.000000   -30.000000    30.000000    -2.954255    -5.146251     1.256567
 -120.000000   -30.000000    60.000000    -2.809575    -4.796210     2.468335
 -120.000000   -30.000000    90.000000    -2.443940    -4.073478     3.513890
 -120.000000     0.000000  -120.000000    -1.440666    -2.336815     1.201678
 -120.000000     0.000000   -90.000000    -1.963555    -3.404409     0.760080
 -120.000000     0.000000   -60.000000    -2.679013    -4.606976     1.037285
 -120.000000     0.000000   -30.000000    -3.046366    -5.341104     2.002184
 -120.000000     0.000000     0.000000    -3.278304    -5.651432     3.254109
 -120.000000     0.000000    30.000000    -3.062194    -5.384806     4.590740
 -120.000000     0.000000    60.000000    -2.584102    -4.525690     5.524619
 -120.000000     0.000000    90.000000    -2.071003    -3.507901     5.800531
 -120.000000    30.000000  -120.000000    -1.694046    -2.982882     2.858253
 -120.000000    30.000000   -90.000000    -2.370092    -4.061935     3.160129
 -120.000000    30.000000   -60.000000    -2.734387    -4.829910     4.019799
 -120.000000    30.000000   -30.000000    -2.899595    -5.214922     5.242061
 -120.000000    30.000000     0.000000    -2.848368    -4.852031     6.572248
 -120.000000    30.000000    30.000000    -2.326455    -4.085122     7.502968
 -120.000000    30.000000    60.000000    -1.678464    -2.917281     7.734865
 -120.000000    30.000000    90.000000    -1.128849    -1.916453     7.507305
 -120.000000    60.000000  -120.000000    -1.655255    -2.758141     4.511608
 -120.000000    60.000000   -90.000000    -2.094047    -3.545512     5.473226
 -120.000000    60.000000   -60.000000    -2.195003    -3.911266     6.842499
 -120.000000    60.000000   -30.000000    -2.149413    -3.684656     7.972347
 -120.000000    60.000000     0.000000    -1.568117    -2.790124     8.867394
 -120.000000    60.000000    30.000000    -1.032802    -1.683275     9.335018
 -120.000000    60.000000    60.000000    -0.281245    -0.602734     8.855482
 -120.000000    60.000000    90.000000     0.182222     0.178609     7.914104
 -120.000000    90.000000  -120.000000    -1.130697    -1.830260     5.989567
 -120.000000    90.000000   -90.000000    -1.281114    -2.124990     7.265908
 -120.000000    90.000000   -60.000000    -1.131965    -1.795443     8.484717
 -120.000000    90.000000   -30.000000    -0.594597    -1.039740     9.496132
 -120.000000    90.000000     0.000000    -0.008993     0.098069     9.770351
 -120.000000    90.000000    30.000000     0.605500     1.038927     9.490794
 -120.000000    90.000000    60.000000     1.138927     1.823334     8.576629
 -120.000000    90.000000    90.000000     1.214021     2.251684     7.292150
  -90.000000  -120.000000  -120.000000    -0.021059     3.164956     2.038579
  -90.000000  -120.000000   -90.000000    -0.035461     4.156027     1.157628
  -90.000000  -120.000000   -60.000000    -0.016036     4.481222    -0.177425
  -90.000000  -120.000000   -30.000000     0.090399     4.250943    -1.391684
  -90.000000  -120.000000     0.000000     0.086535     3.341912    -2.416406
  -90.000000  -120.000000    30.000000    -0.066822     1.972585    -2.566722
  -90.000000  -120.000000    60.000000     0.066879     0.828343    -2.401473
  -90.000000  -120.000000    90.000000    -0.094667    -0.229794    -1.453651
  -90.000000   -90.000000  -120.000000     0.058275     2.086751     0.596472
  -90.000000   -90.000000   -90.000000     0.002423     2.591347    -0.713688
  -90.000000   -90.000000   -60.000000     0.056530     2.213593    -1.945202
  -90.000000   -90.000000   -30.000000     0.069215     1.264568    -2.957508
  -90.000000   -90.000000     0.000000     0.074295     0.048939    -3.126994
  -90.000000   -90.000000    30.000000    -0.058470    -1.168206    -2.828285
  -90.000000   -90.000000    60.000000    -0.017764    -2.205167    -1.950573
  -90.000000   -90.000000    90.000000    -0.050623    -2.421486    -0.747972
  -90.000000   -60.000000  -120.000000    -0.027668     0.547029    -0.241248
  -90.000000   -60.000000   -90.000000    -0.095953     0.073362    -1.395194
  -90.000000   -60.000000   -60.000000     0.022217    -0.664456    -2.323033
  -90.000000   -60.000000   -30.000000    -0.052342    -1.940707    -2.640539
  -90.000000   -60.000000     0.000000     0.096577    -3.188489    -2.405625
  -90.000000   -60.000000    30.000000    -0.093840    -4.218628    -1.390083
  -90.000000   -60.000000    60.000000     0.020535    -4.520992    -0.236307
  -90.000000   -60.000000    90.000000     0.018559    -4.239110     1.082687
  -90.000000   -30.000000  -120.000000     0.042551    -1.326835    -0.047436
  -90.000000   -30.000000   -90.000000    -0.008762    -2.275949    -0.788108
  -90.000000   -30.000000   -60.000000     0.005381    -3.437622    -1.144711
  -90.000000   -30.000000   -30.000000     0.066060    -4.669794    -0.804025
  -90.000000   -30.000000     0.000000     0.027684    -5.646281     0.062238
  -90.000000   -30.000000    30.000000     0.065320    -6.010568     1.231098
  -90.000000   -30.000000    60.000000    -0.047276    -5.612684     2.507014
  -90.000000   -30.000000    90.000000    -0.095932    -4.689573     3.416009
  -90.000000     0.000000  -120.000000     0.067339    -2.784655     1.146326
  -90.000000     0.000000   -90.000000     0.085909    -3.988363     0.827698
  -90.000000     0.000000   -60.000000     0.016964    -5.196124     1.078591
  -90.000000     0.000000   -30.000000    -0.051955    -6.098749     2.030187
  -90.000000     0.000000     0.000000    -0.046629    -6.452802     3.322967
  -90.000000     0.000000    30.000000     0.034256    -6.081216     4.547334
  -90.000000     0.000000    60.000000    -0.096932    -5.281458     5.483951
  -90.000000     0.000000    90.000000     0.098170    -3.924026     5.742806
  -90.000000    30.000000  -120.000000    -0.003959    -3.461730     2.834072
  -90.000000    30.000000   -90.000000     0.036797    -4.629640     3.223088
  -90.000000    30.000000   -60.000000    -0.074379    -5.721808     4.021487
  -90.000000    30.000000   -30.000000     0.087391    -6.037717     5.342535
  -90.000000    30.000000     0.000000     0.022764    -5.537887     6.565687
  -90.000000    30.000000    30.000000     0.006331    -4.799761     7.445631
  -90.000000    30.000000    60.000000     0.008609    -3.468377     7.729129
  -90.000000    30.000000    90.000000     0.091615    -2.152623     7.417345
  -90.000000    60.000000  -120.000000     0.015680    -3.307909     4.613540
  -90.000000    60.000000   -90.000000    -0.044417    -4.088120     5.581199
  -90.000000    60.000000   -60.000000     0.010597    -4.402885     6.685313
  -90.000000    60.000000   -30.000000    -0.003658    -4.117571     8.003049
  -90.000000    60.000000     0.000000     0.013600    -3.218927     9.005551
  -90.000000    60.000000    30.000000     0.099497    -2.025704     9.181048
  -90.000000    60.000000    60.000000     0.007229    -0.789690     8.969010
  -90.000000    60.000000    90.000000     0.087791     0.175569     7.916688
  -90.000000    90.000000  -120.000000     0.042874    -2.153453     6.078792
  -90.000000    90.000000   -90.000000    -0.013587    -2.579528     7.212706
  -90.000000    90.000000   -60.000000     0.068539    -2.095322     8.458746
  -90.000000    90.000000   -30.000000    -0.071679    -1.252896     9.419423
  -90.000000    90.000000     0.000000     0.042453     0.071327     9.812792
  -90.000000    90.000000    30.000000    -0.080068     1.289257     9.482274
  -90.000000    90.000000    60.000000     0.052378     2.165160     8.528830
  -90.000000    90.000000    90.000000    -0.010755     2.449117     7.348714
  -60.000000  -120.000000  -120.000000    -1.575693     2.903484     1.930903
  -60.000000  -120.000000   -90.000000    -2.132331     3.554685     1.110288
  -60.000000  -120.000000   -60.000000    -2.235763     3.978114    -0.251949
  -60.000000  -120.000000   -30.000000    -2.104230     3.633363    -1.372594
  -60.000000  -120.000000     0.000000    -1.536474     2.741134    -2.409442
  -60.000000  -120.000000    30.000000    -1.097281     1.687040    -2.745694
  -60.000000  -120.000000    60.000000    -0.381368     0.710717    -2.284145
  -60.000000  -120.000000    90.000000     0.081674    -0.129982    -1.414857
  -60.000000   -90.000000  -120.000000    -1.158962     1.864608     0.628104
  -60.000000   -90.000000   -90.000000    -1.264172     2.171257    -0.785930
  -60.000000   -90.000000   -60.000000    -1.153140     1.790422    -1.868644
  -60.000000   -90.000000   -30.000000    -0.682570     1.035729    -2.831749
  -60.000000   -90.000000     0.000000     0.003306     0.046110    -3.131574
  -60.000000   -90.000000    30.000000     0.605597    -1.132071    -2.847555
  -60.000000   -90.000000    60.000000     1.168369    -1.818256    -1.957393
  -60.000000   -90.000000    90.000000     1.287319    -2.257737    -0.795838
  -60.000000   -60.000000  -120.000000    -0.201075     0.442178    -0.127047
  -60.000000   -60.000000   -90.000000     0.004219     0.141931    -1.399655
  -60.000000   -60.000000   -60.000000     0.337668    -0.566051    -2.304719
  -60.000000   -60.000000   -30.000000     0.999836    -1.724697    -2.567545
  -60.000000   -60.000000     0.000000     1.683437    -2.911016    -2.378706
  -60.000000   -60.000000    30.000000     2.151257    -3.587852    -1.332049
  -60.000000   -60.000000    60.000000     2.296792    -3.830674    -0.080193
  -60.000000   -60.000000    90.000000     2.170570    -3.632971     1.073267
  -60.000000   -30.000000  -120.000000     0.569436    -1.062166     0.070081
  -60.000000   -30.000000   -90.000000     1.146597    -1.845191    -0.911048
  -60.000000   -30.000000   -60.000000     1.684597    -2.929531    -1.236756
  -60.000000   -30.000000   -30.000000     2.444825    -4.128212    -0.788045
  -60.000000   -30.000000     0.000000     2.902149    -4.803869     0.076652
  -60.000000   -30.000000    30.000000     2.955403    -5.150921     1.384032
  -60.000000   -30.000000    60.000000     2.859303    -4.788332     2.492414
  -60.000000   -30.000000    90.000000     2.273387    -3.983868     3.520118
  -60.000000     0.000000  -120.000000     1.418793    -2.413471     1.232061
  -60.000000     0.000000   -90.000000     1.921241    -3.512674     0.776809
  -60.000000     0.000000   -60.000000     2.723697    -4.528713     1.065273
  -60.000000     0.000000   -30.000000     3.120986    -5.416073     2.046073
  -60.000000     0.000000     0.000000     3.272697    -5.676595     3.309094
  -60.000000     0.000000    30.000000     3.038584    -5.261773     4.535531
  -60.000000     0.000000    60.000000     2.712051    -4.559523     5.367475
  -60.000000     0.000000    90.000000     2.041638    -3.550803     5.750496
  -60.000000    30.000000  -120.000000     1.681929    -2.931370     2.863110
  -60.000000    30.000000   -90.000000     2.429384    -4.013023     3.229400
  -60.000000    30.000000   -60.000000     2.843780    -4.940725     4.046050
  -60.000000    30.000000   -30.000000     2.903285    -5.209980     5.243242
  -60.000000    30.000000     0.000000     2.734474    -4.849901     6.509258
  -60.000000    30.000000    30.000000     2.307006    -4.000602     7.484686
  -60.000000    30.000000    60.000000     1.712370    -3.050269     7.814255
  -60.000000    30.000000    90.000000     1.051173    -1.968181     7.381589
  -60.000000    60.000000  -120.000000     1.701505    -2.802510     4.558523
  -60.000000    60.000000   -90.000000     1.995347    -3.605928     5.584602
  -60.000000    60.000000   -60.000000     2.308480    -3.977699     6.793654
  -60.000000    60.000000   -30.000000     2.165236    -3.663880     7.958564
  -60.000000    60.000000     0.000000     1.684929    -2.871792     9.021627
  -60.000000    60.000000    30.000000     0.987884    -1.810908     9.305094
  -60.000000    60.000000    60.000000     0.356189    -0.569019     8.969418
  -60.000000    60.000000    90.000000    -0.014067     0.137211     8.027957
  -60.000000    90.000000  -120.000000     1.138859    -1.869786     5.983098
  -60.000000    90.000000   -90.000000     1.310760    -2.065785     7.240244
  -60.000000    90.000000   -60.000000     1.042790    -1.963808     8.525269
  -60.000000    90.000000   -30.000000     0.602417    -1.056908     9.466241
  -60.000000    90.000000     0.000000     0.064811    -0.077110     9.880468
  -60.000000    90.000000    30.000000    -0.650189     1.160517     9.416859
  -60.000000    90.000000    60.000000    -1.046397     1.807667     8.567892
  -60.000000    90.000000    90.000000    -1.222550     2.115532     7.329853
  -30.000000  -120.000000  -120.000000    -2.814824     1.575648     1.903641
  -30.000000  -120.000000   -90.000000    -3.520582     2.057733     1.098032
  -30.000000  -120.000000   -60.000000    -3.884024     2.324391    -0.185779
  -30.000000  -120.000000   -30.000000    -3.653433     2.148181    -1.493072
  -30.000000  -120.000000     0.000000    -2.888190     1.590600    -2.251551
  -30.000000  -120.000000    30.000000    -1.807249     1.077158    -2.571279
  -30.000000  -120.000000    60.000000    -0.557900     0.448743    -2.341008
  -30.000000  -120.000000    90.000000     0.233338    -0.131868    -1.341016
  -30.000000   -90.000000  -120.000000    -1.903290     1.018897     0.478066
  -30.000000   -90.000000   -90.000000    -2.252033     1.298541    -0.711852
  -30.000000   -90.000000   -60.000000    -1.818172     0.992109    -1.962230
  -30.000000   -90.000000   -30.000000    -1.124681     0.547415    -2.767050
  -30.000000   -90.000000     0.000000    -0.062515    -0.018976    -3.276124
  -30.000000   -90.000000    30.000000     0.982597    -0.568592    -2.766653
  -30.000000   -90.000000    60.000000     1.883979    -1.091312    -1.862782
  -30.000000   -90.000000    90.000000     2.068560    -1.347883    -0.619229
  -30.000000   -60.000000  -120.000000    -0.426303     0.216604    -0.249259
  -30.000000   -60.000000   -90.000000    -0.076004     0.022165    -1.423830
  -30.000000   -60.000000   -60.000000     0.595050    -0.320718    -2.417372
  -30.000000   -60.000000   -30.000000     1.642951    -0.904848    -2.597506
  -30.000000   -60.000000     0.000000     2.827057    -1.700354    -2.328620
  -30.000000   -60.000000    30.000000     3.578495    -2.161041    -1.384643
  -30.000000   -60.000000    60.000000     3.981158    -2.233165    -0.199609
  -30.000000   -60.000000    90.000000     3.607221    -2.124621     1.032768
  -30.000000   -30.000000  -120.000000     1.134563    -0.617107     0.102671
  -30.000000   -30.000000   -90.000000     1.901074    -1.145358    -0.897995
  -30.000000   -30.000000   -60.000000     2.900481    -1.757737    -1.250499
  -30.000000   -30.000000   -30.000000     4.136618    -2.317452    -0.776864
  -30.000000   -30.000000     0.000000     4.863542    -2.882010     0.028130
  -30.000000   -30.000000    30.000000     5.090814    -3.057396     1.200377
  -30.000000   -30.000000    60.000000     4.830431    -2.873186     2.515129
  -30.000000   -30.000000    90.000000     4.163842    -2.373160     3.473184
  -30.000000     0.000000  -120.000000     2.467722    -1.285200     1.211429
  -30.000000     0.000000   -90.000000     3.442206    -1.997420     0.714978
  -30.000000     0.000000   -60.000000     4.548855    -2.642337     1.127861
  -30.000000     0.000000   -30.000000     5.276882    -3.073896     2.107388
  -30.000000     0.000000     0.000000     5.530953    -3.322776     3.246845
  -30.000000     0.000000    30.000000     5.384232    -3.057636     4.490944
  -30.000000     0.000000    60.000000     4.547748    -2.656712     5.380790
  -30.000000     0.000000    90.000000     3.409637    -1.901226     5.710158
  -30.000000    30.000000  -120.000000     3.046920    -1.804038     2.847947
  -30.000000    30.000000   -90.000000     4.036851    -2.299776     3.180030
  -30.000000    30.000000   -60.000000     4.900019    -2.846704     4.028081
  -30.000000    30.000000   -30.000000     5.082521    -3.079552     5.241933
  -30.000000    30.000000     0.000000     4.855698    -2.881931     6.551260
  -30.000000    30.000000    30.000000     4.144368    -2.436503     7.492057
  -30.000000    30.000000    60.000000     2.995493    -1.687390     7.772677
  -30.000000    30.000000    90.000000     1.830878    -1.134841     7.494103
  -30.000000    60.000000  -120.000000     2.830982    -1.666362     4.625411
  -30.000000    60.000000   -90.000000     3.673647    -2.059687     5.416368
  -30.000000    60.000000   -60.000000     3.976232    -2.213938     6.768752
  -30.000000    60.000000   -30.000000     3.619601    -2.138208     7.944129
  -30.000000    60.000000     0.000000     2.909568    -1.584919     8.911442
  -30.000000    60.000000    30.000000     1.718543    -1.065555     9.184954
  -30.000000    60.000000    60.000000     0.561812    -0.442581     8.958784
  -30.000000    60.000000    90.000000    -0.148448     0.058168     8.027764
  -30.000000    90.000000  -120.000000     1.914278    -1.010560     5.995518
  -30.000000    90.000000   -90.000000     2.212028    -1.349529     7.270250
  -30.000000    90.000000   -60.000000     1.842398    -1.061099     8.622567
  -30.000000    90.000000   -30.000000     1.053124    -0.716377     9.499927
  -30.000000    90.000000     0.000000    -0.050787    -0.079267     9.735957
  -30.000000    90.000000    30.000000    -1.006958     0.543520     9.366272
  -30.000000    90.000000    60.000000    -1.918636     0.995559     8.619729
  -30.000000    90.000000    90.000000    -2.242059     1.326507     7.355512
    0.000000  -120.000000  -120.000000    -3.168368     0.059879     2.088595
    0.000000  -120.000000   -90.000000    -4.135435    -0.072593     1.016383
    0.000000  -120.000000   -60.000000    -4.459321     0.078778    -0.236116
    0.000000  -120.000000   -30.000000    -4.156758     0.082721    -1.460859
    0.000000  -120.000000     0.000000    -3.276493     0.069967    -2.426636
    0.000000  -120.000000    30.000000    -2.015095     0.057496    -2.740101
    0.000000  -120.000000    60.000000    -0.703667    -0.005479    -2.423767
    0.000000  -120.000000    90.000000     0.205281    -0.075316    -1.449577
    0.000000   -90.000000  -120.000000    -2.262131    -0.087735     0.576254
    0.000000   -90.000000   -90.000000    -2.512910    -0.040455    -0.601060
    0.000000   -90.000000   -60.000000    -2.150063     0.097974    -2.004488
    0.000000   -90.000000   -30.000000    -1.318307    -0.079511    -2.859724
    0.000000   -90.000000     0.000000     0.017407     0.024466    -3.190352
    0.000000   -90.000000    30.000000     1.234047    -0.042328    -2.950277
    0.000000   -90.000000    60.000000     2.080660     0.071987    -1.941602
    0.000000   -90.000000    90.000000     2.595350     0.018908    -0.766466
    0.000000   -60.000000  -120.000000    -0.522971    -0.066526    -0.112107
    0.000000   -60.000000   -90.000000    -0.079393     0.087981    -1.322614
    0.000000   -60.000000   -60.000000     0.811213     0.055213    -2.273276
    0.000000   -60.000000   -30.000000     1.939273     0.023764    -2.598725
    0.000000   -60.000000     0.000000     3.312277    -0.081504    -2.416917
    0.000000   -60.000000    30.000000     4.206831    -0.051567    -1.332667
    0.000000   -60.000000    60.000000     4.439776     0.001181    -0.257065
    0.000000   -60.000000    90.000000     4.100743    -0.034355     1.103421
    0.000000   -30.000000  -120.000000     1.366375     0.010132     0.055172
    0.000000   -30.000000   -90.000000     2.272158     0.022581    -0.879230
    0.000000   -30.000000   -60.000000     3.546173    -0.088663    -1.154649
    0.000000   -30.000000   -30.000000     4.697931     0.035215    -0.780135
    0.000000   -30.000000     0.000000     5.676760     0.082275     0.125631
    0.000000   -30.000000    30.000000     5.926174    -0.086552     1.280974
    0.000000   -30.000000    60.000000     5.648347     0.088460     2.528683
    0.000000   -30.000000    90.000000     4.629060     0.079876     3.431503
    0.000000     0.000000  -120.000000     2.823199     0.062211     1.079329
    0.000000     0.000000   -90.000000     4.000955    -0.090207     0.716741
    0.000000     0.000000   -60.000000     5.296323     0.063125     1.155504
    0.000000     0.000000   -30.000000     6.231448     0.056319     1.960088
    0.000000     0.000000     0.000000     6.422352     0.062109     3.323281
    0.000000     0.000000    30.000000     6.142012    -0.065228     4.528393
    0.000000     0.000000    60.000000     5.213653     0.043408     5.471831
    0.000000     0.000000    90.000000     3.973387    -0.045539     5.820563
    0.000000    30.000000  -120.000000     3.453180     0.039374     2.814957
    0.000000    30.000000   -90.000000     4.717275     0.016640     3.072092
    0.000000    30.000000   -60.000000     5.543060    -0.044870     4.038615
    0.000000    30.000000   -30.000000     5.991097    -0.043724     5.259747
    0.000000    30.000000     0.000000     5.614603    -0.078556     6.584867
    0.000000    30.000000    30.000000     4.666754    -0.049320     7.500746
    0.000000    30.000000    60.000000     3.429588    -0.007272     7.843121
    0.000000    30.000000    90.000000     2.204190    -0.031423     7.559582
    0.000000    60.000000  -120.000000     3.279960     0.076974     4.695610
    0.000000    60.000000   -90.000000     4.088652     0.082850     5.572963
    0.000000    60.000000   -60.000000     4.597128    -0.079851     6.821416
    0.000000    60.000000   -30.000000     4.237270     0.075611     7.929424
    0.000000    60.000000     0.000000     3.296143    -0.089655     8.983917
    0.000000    60.000000    30.000000     1.973991    -0.006774     9.232927
    0.000000    60.000000    60.000000     0.720585    -0.016482     8.881741
    0.000000    60.000000    90.000000    -0.198047     0.074910     8.078216
    0.000000    90.000000  -120.000000     2.204792     0.011683     6.052357
    0.000000    90.000000   -90.000000     2.432769     0.038459     7.302011
    0.000000    90.000000   -60.000000     2.182139     0.004479     8.473967
    0.000000    90.000000   -30.000000     1.172636     0.083330     9.505948
    0.000000    90.000000     0.000000    -0.034327     0.007017     9.730163
    0.000000    90.000000    30.000000    -1.265548     0.069436     9.541443
    0.000000    90.000000    60.000000    -2.073163    -0.037062     8.649093
    0.000000    90.000000    90.000000    -2.477196     0.040863     7.363089
   30.000000  -120.000000  -120.000000    -2.752949    -1.573135     1.976255
   30.000000  -120.000000   -90.000000    -3.543283    -2.001222     1.024711
   30.000000  -120.000000   -60.000000    -3.981504    -2.270172    -0.138361
   30.000000  -120.000000   -30.000000    -3.508031    -2.059432    -1.453365
   30.000000  -120.000000     0.000000    -2.723514    -1.690050    -2.297018
   30.000000  -120.000000    30.000000    -1.756318    -0.967052    -2.750289
   30.000000  -120.000000    60.000000    -0.558937    -0.290171    -2.426454
   30.000000  -120.000000    90.000000     0.157655     0.010462    -1.347895
   30.000000   -90.000000  -120.000000    -1.949440    -1.078299     0.474975
   30.000000   -90.000000   -90.000000    -2.169735    -1.188184    -0.782178
   30.000000   -90.000000   -60.000000    -1.951871    -0.988076    -1.884803
   30.000000   -90.000000   -30.000000    -1.054349    -0.613283    -2.780977
   30.000000   -90.000000     0.000000    -0.061847     0.069524    -3.115063
   30.000000   -90.000000    30.000000     1.095722     0.688898    -2.919929
   30.000000   -90.000000    60.000000     1.839645     1.165909    -1.880190
   30.000000   -90.000000    90.000000     2.226272     1.338163    -0.792539
   30.000000   -60.000000  -120.000000    -0.421004    -0.188306    -0.227630
   30.000000   -60.000000   -90.000000    -0.221030    -0.170326    -1.323198
   30.000000   -60.000000   -60.000000     0.673852     0.369304    -2.349751
   30.000000   -60.000000   -30.000000     1.711691     0.995272    -2.573981
   30.000000   -60.000000     0.000000     2.790931     1.526933    -2.400053
   30.000000   -60.000000    30.000000     3.561966     2.113065    -1.322753
   30.000000   -60.000000    60.000000     3.937837     2.152665    -0.092901
   30.000000   -60.000000    90.000000     3.642159     2.161484     1.024027
   30.000000   -30.000000  -120.000000     1.103688     0.650666     0.132264
   30.000000   -30.000000   -90.000000     1.976339     1.097410    -0.879257
   30.000000   -30.000000   -60.000000     3.007033     1.661922    -1.290859
   30.000000   -30.000000   -30.000000     4.048395     2.356847    -0.874739
   30.000000   -30.000000     0.000000     4.780920     2.827683     0.037712
   30.000000   -30.000000    30.000000     5.181953     2.889769     1.263167
   30.000000   -30.000000    60.000000     4.929016     2.757040     2.565903
   30.000000   -30.000000    90.000000     4.086029     2.396446     3.517775
   30.000000     0.000000  -120.000000     2.437143     1.456311     1.145660
   30.000000     0.000000   -90.000000     3.395945     2.009750     0.722533
   30.000000     0.000000   -60.000000     4.594705     2.681459     1.200665
   30.000000     0.000000   -30.000000     5.375227     3.142110     2.101813
   30.000000     0.000000     0.000000     5.671691     3.347501     3.263169
   30.000000     0.000000    30.000000     5.299091     3.167617     4.540954
   30.000000     0.000000    60.000000     4.529777     2.616028     5.493991
   30.000000     0.000000    90.000000     3.392451     1.914798     5.811930
   30.000000    30.000000  -120.000000     3.073946     1.672214     2.712253
   30.000000    30.000000   -90.000000     4.053155     2.365217     3.189322
   30.000000    30.000000   -60.000000     4.880627     2.805586     3.967674
   30.000000    30.000000   -30.000000     5.241206     2.984846     5.305953
   30.000000    30.000000     0.000000     4.812323     2.758341     6.504844
   30.000000    30.000000    30.000000     4.099109     2.324627     7.475483
   30.000000    30.000000    60.000000     2.967073     1.714382     7.709993
   30.000000    30.000000    90.000000     1.988001     1.092816     7.385107
   30.000000    60.000000  -120.000000     2.714593     1.651768     4.537985
   30.000000    60.000000   -90.000000     3.642699     1.983343     5.431030
   30.000000    60.000000   -60.000000     3.820202     2.173027     6.817430
   30.000000    60.000000   -30.000000     3.680612     1.999293     8.001744
   30.000000    60.000000     0.000000     2.866358     1.703254     8.948768
   30.000000    60.000000    30.000000     1.653676     0.946448     9.301679
   30.000000    60.000000    60.000000     0.647036     0.456417     9.025012
   30.000000    60.000000    90.000000    -0.191704     0.011573     8.003925
   30.000000    90.000000  -120.000000     1.970850     1.067038     6.026989
   30.000000    90.000000   -90.000000     2.088813     1.318559     7.341941
   30.000000    90.000000   -60.000000     1.854819     1.172702     8.558512
   30.000000    90.000000   -30.000000     1.176839     0.593232     9.398199
   30.000000    90.000000     0.000000     0.034088     0.021183     9.796798
   30.000000    90.000000    30.000000    -1.127907    -0.653030     9.374839
   30.000000    90.000000    60.000000    -1.831705    -1.148075     8.538091
   30.000000    90.000000    90.000000    -2.080846    -1.343419     7.250850
   60.000000  -120.000000  -120.000000    -1.719032    -2.854773     1.944259
   60.000000  -120.000000   -90.000000    -2.087764    -3.594417     1.150678
   60.000000  -120.000000   -60.000000    -2.190227    -3.808368    -0.231185
   60.000000  -120.000000   -30.000000    -2.163114    -3.635887    -1.420975
   60.000000  -120.000000     0.000000    -1.633640    -2.812287    -2.276460
   60.000000  -120.000000    30.000000    -0.937018    -1.674642    -2.579241
   60.000000  -120.000000    60.000000    -0.459854    -0.736708    -2.236185
   60.000000  -120.000000    90.000000     0.078327     0.242570    -1.390675
   60.000000   -90.000000  -120.000000    -1.091010    -1.848020     0.488121
   60.000000   -90.000000   -90.000000    -1.189168    -2.261582    -0.664392
   60.000000   -90.000000   -60.000000    -1.168836    -1.914634    -2.047021
   60.000000   -90.000000   -30.000000    -0.672197    -0.986174    -2.934226
   60.000000   -90.000000     0.000000    -0.020869    -0.010789    -3.166262
   60.000000   -90.000000    30.000000     0.712788     1.022605    -2.787769
   60.000000   -90.000000    60.000000     1.081592     1.959404    -2.039547
   60.000000   -90.000000    90.000000     1.287108     2.083913    -0.720477
   60.000000   -60.000000  -120.000000    -0.272317    -0.382920    -0.165376
   60.000000   -60.000000   -90.000000    -0.151371    -0.122569    -1.403409
   60.000000   -60.000000   -60.000000     0.307280     0.644331    -2.340725
   60.000000   -60.000000   -30.000000     0.980802     1.671686    -2.729157
   60.000000   -60.000000     0.000000     1.610613     2.831945    -2.277533
   60.000000   -60.000000    30.000000     2.041171     3.578113    -1.353423
   60.000000   -60.000000    60.000000     2.215883     3.897440    -0.177417
   60.000000   -60.000000    90.000000     2.145059     3.546207     1.170769
   60.000000   -30.000000  -120.000000     0.731587     1.060005     0.114561
   60.000000   -30.000000   -90.000000     1.188099     1.848770    -0.902317
   60.000000   -30.000000   -60.000000     1.676346     3.057342    -1.279727
   60.000000   -30.000000   -30.000000     2.411886     4.178984    -0.928019
   60.000000   -30.000000     0.000000     2.778210     4.881566     0.082526
   60.000000   -30.000000    30.000000     3.034134     5.166362     1.382425
   60.000000   -30.000000    60.000000     2.817956     4.931675     2.508701
   60.000000   -30.000000    90.000000     2.373462     4.068331     3.472213
   60.000000     0.000000  -120.000000     1.445228     2.465242     1.172970
   60.000000     0.000000   -90.000000     1.905414     3.398492     0.728028
   60.000000     0.000000   -60.000000     2.558856     4.606119     1.061726
   60.000000     0.000000   -30.000000     3.066348     5.426602     2.036825
   60.000000     0.000000     0.000000     3.222496     5.536319     3.271649
   60.000000     0.000000    30.000000     3.053808     5.325630     4.638610
   60.000000     0.000000    60.000000     2.685667     4.455498     5.516934
   60.000000     0.000000    90.000000     2.090862     3.394290     5.770654
   60.000000    30.000000  -120.000000     1.768219     2.915644     2.758073
   60.000000    30.000000   -90.000000     2.336907     4.082792     3.058264
   60.000000    30.000000   -60.000000     2.819448     4.808269     4.126542
   60.000000    30.000000   -30.000000     2.928171     5.125109     5.378320
   60.000000    30.000000     0.000000     2.833936     4.915701     6.534923
   60.000000    30.000000    30.000000     2.260900     4.062342     7.425439
   60.000000    30.000000    60.000000     1.634146     2.966803     7.758928
   60.000000    30.000000    90.000000     1.145929     1.934119     7.407024
   60.000000    60.000000  -120.000000     1.693656     2.775192     4.628437
   60.000000    60.000000   -90.000000     2.076406     3.606538     5.505580
   60.000000    60.000000   -60.000000     2.309869     3.808082     6.702458
   60.000000    60.000000   -30.000000     2.146076     3.543019     7.953746
   60.000000    60.000000     0.000000     1.702898     2.828084     8.945496
   60.000000    60.000000    30.000000     0.997819     1.764646     9.332967
   60.000000    60.000000    60.000000     0.427909     0.662491     8.879396
   60.000000    60.000000    90.000000    -0.024249    -0.150595     8.054939
   60.000000    90.000000  -120.000000     1.180282     1.965440     6.063367
   60.000000    90.000000   -90.000000     1.177815     2.169225     7.322341
   60.000000    90.000000   -60.000000     1.047565     1.940357     8.634601
   60.000000    90.000000   -30.000000     0.682440     1.092296     9.442363
   60.000000    90.000000     0.000000    -0.098258     0.094185     9.788737
   60.000000    90.000000    30.000000    -0.559747    -1.018217     9.456778
   60.000000    90.000000    60.000000    -1.055603    -1.857279     8.634012
   60.000000    90.000000    90.000000    -1.233795    -2.108291     7.334556
   90.000000  -120.000000  -120.000000     0.051968    -3.173340     2.057924
   90.000000  -120.000000   -90.000000    -0.099104    -4.248279     1.157601
   90.000000  -120.000000   -60.000000    -0.009502    -4.560467    -0.163647
   90.000000  -120.000000   -30.000000     0.045128    -4.112687    -1.443586
   90.000000  -120.000000     0.000000     0.038882    -3.199261    -2.408562
   90.000000  -120.000000    30.000000    -0.045325    -1.904242    -2.750897
   90.000000  -120.000000    60.000000    -0.097306    -0.733258    -2.297290
   90.000000  -120.000000    90.000000    -0.073879     0.134793    -1.369387
   90.000000   -90.000000  -120.000000     0.082204    -2.101262     0.615097
   90.000000   -90.000000   -90.000000     0.050339    -2.434813    -0.651497
   90.000000   -90.000000   -60.000000    -0.078734    -2.177564    -1.884705
   90.000000   -90.000000   -30.000000    -0.046533    -1.263421    -2.874671
   90.000000   -90.000000     0.000000     0.091013     0.032144    -3.241552
   90.000000   -90.000000    30.000000     0.021838     1.237454    -2.801230
   90.000000   -90.000000    60.000000    -0.041660     2.235595    -1.973907
   90.000000   -90.000000    90.000000     0.001227     2.519274    -0.763674
   90.000000   -60.000000  -120.000000     0.081940    -0.564847    -0.132390
   90.000000   -60.000000   -90.000000    -0.024852    -0.252372    -1.376657
   90.000000   -60.000000   -60.000000     0.005552     0.671302    -2.242762
   90.000000   -60.000000   -30.000000     0.084819     1.991515    -2.691075
   90.000000   -60.000000     0.000000     0.031171     3.292107    -2.282164
   90.000000   -60.000000    30.000000    -0.085469     4.088784    -1.476142
   90.000000   -60.000000    60.000000     0.058155     4.447690    -0.163674
   90.000000   -60.000000    90.000000    -0.080709     4.088230     0.992297
   90.000000   -30.000000  -120.000000     0.087429     1.203456     0.110156
   90.000000   -30.000000   -90.000000     0.014355     2.134349    -0.838924
   90.000000   -30.000000   -60.000000    -0.075103     3.393012    -1.209400
   90.000000   -30.000000   -30.000000     0.006953     4.761748    -0.783158
   90.000000   -30.000000     0.000000    -0.042241     5.594330     0.061447
   90.000000   -30.000000    30.000000    -0.013996     5.997523     1.321445
   90.000000   -30.000000    60.000000    -0.073903     5.630915     2.465989
   90.000000   -30.000000    90.000000     0.011346     4.770322     3.540155
   90.000000     0.000000  -120.000000    -0.013792     2.844963     1.076278
   90.000000     0.000000   -90.000000    -0.073352     4.086988     0.749916
   90.000000     0.000000   -60.000000    -0.045381     5.317297     1.037081
   90.000000     0.000000   -30.000000     0.099450     6.200141     2.058734
   90.000000     0.000000     0.000000    -0.024738     6.575618     3.343285
   90.000000     0.000000    30.000000    -0.092855     6.208664     4.463640
   90.000000     0.000000    60.000000    -0.013933     5.245305     5.492242
   90.000000     0.000000    90.000000     0.024509     4.037254     5.754490
   90.000000    30.000000  -120.000000     0.069667     3.504005     2.774774
   90.000000    30.000000   -90.000000    -0.012092     4.791774     3.056705
   90.000000    30.000000   -60.000000    -0.098861     5.548388     4.045931
   90.000000    30.000000   -30.000000     0.026842     5.880247     5.364302
   90.000000    30.000000     0.000000    -0.069086     5.728913     6.609748
   90.000000    30.000000    30.000000     0.052708     4.709525     7.378482
   90.000000    30.000000    60.000000     0.024964     3.385208     7.834606
   90.000000    30.000000    90.000000     0.041988     2.161953     7.541715
   90.000000    60.000000  -120.000000     0.002517     3.289415     4.589501
   90.000000    60.000000   -90.000000    -0.037954     4.078099     5.481892
   90.000000    60.000000   -60.000000     0.001582     4.489758     6.737905
   90.000000    60.000000   -30.000000     0.045992     4.223757     7.951454
   90.000000    60.000000     0.000000     0.082115     3.245403     8.839302
   90.000000    60.000000    30.000000    -0.044417     2.044451     9.356869
   90.000000    60.000000    60.000000     0.006555     0.738056     8.930420
   90.000000    60.000000    90.000000    -0.095605    -0.151394     8.028567
   90.000000    90.000000  -120.000000     0.003754     2.193502     6.018700
   90.000000    90.000000   -90.000000    -0.098991     2.436198     7.329591
   90.000000    90.000000   -60.000000    -0.094713     2.065169     8.509707
   90.000000    90.000000   -30.000000     0.086343     1.301329     9.416418
   90.000000    90.000000     0.000000     0.031507     0.039140     9.720732
   90.000000    90.000000    30.000000     0.052444    -1.272323     9.463698
   90.000000    90.000000    60.000000     0.095110    -2.186998     8.623220
   90.000000    90.000000    90.000000     0.080947    -2.482994     7.323887
